001 0599 054 4a1d6f102cd95fac33853e4d72fe1dc5
002 0973 027 e8e7d67256aedc225a072540540d910c
003 0242 079 0c6a7629e1fe2eab887de89dd65072d9
004 0771 001 0e8b4ee66ad464aee37a934d74088613
005 0192 049 6261a6ddd461304eaed4090348d8d117
006 0187 030 cfa0000941daff46ebf0ef1950c86db0
007 0937 008 e09a3a07abbaa5bf3170e6d297dff065
008 0825 006 11dcc98c009eb5b2a9449d05ea8bb381
009 0324 080 dfbcb13e80aa4cfb872f987b17879ec8
010 0258 091 db8a21330a299c4fcae3534cc7f1e01b
011 0818 047 8ec4312533793e33d092978b2c847330
012 0111 086 5ac048a9173c4d6257c05cc1a26e1d06
013 0459 058 5cfdff9a6b2859ed5aec0808dd50524e
014 0519 084 83936eca815f642eb11970208520e2a3
015 0914 055 6948e63fc20c099f4837d25a061439bc
016 0200 089 aa058ea92bebaa364f0153383c202c27
017 0816 049 f48edac418318d0580653ed629069a24
018 0219 013 6555bd5e2356ae34906cc724994a4b07
019 0894 053 a9154393f28581eff2ca3b84b44f8702
020 0087 044 89bf097de1f883368ef00e652fa2ae8d
021 0322 019 04117ec99be1bcbd9f42da3228685f26
022 0589 011 a5eec6aa303a169368cdb7a1b7818be8
023 0253 084 e307b0acf8b5896c62ec0372ed3b7a38
024 0604 054 594a723309b9b0bf3ca081ef4008c709
025 0290 050 d303dd9e216a31f4f3422877b25012c6
026 0936 082 fc97bd45eed421fd859d0a57d3c9168c
027 0685 056 5689bc7ae71a56ca02f4a6fbeb221a65
028 0319 037 ecf00e96b47634d0edd411a3ecd16d45
029 0705 089 e2e9fbc8ee758be468a2f3e8164d5995
030 0186 022 3f34c28d953d4279e7fec04cddf69d61
031 0528 046 7b86f90ffebabff0bc29ed460da38414
032 0227 082 9e537436c7751a0f75acee353f4e7fa3
033 0135 069 e8e3742add907f94d2534e6c1431c021
034 0861 052 74f4d9a79a5a4f17e231008269d8f126
035 0010 044 9d016be6b4b7a8e0abbd7e81d48d54ad
036 0799 094 926183d9745a0ad9531e339cecc27c32
037 0986 054 b7321bde18b5bcabab68dcb2a3b59d8b
038 0798 010 89f18f046ac58603900a73c34f5c88ac
039 0976 073 c9781a494696f39198bd87f863ffd2f1
040 0635 094 cba36fe41dd35e38934109092111cb94
041 0025 100 8c0f135b3e798427eee61cd59a377895
042 0576 090 4d4ab45bff506e6f8b2530a60e4fbc84
043 0759 086 093c57314f26e564f1edb847edf691f4
044 0808 020 6ca04238450d2d76affc85441bfba832
045 0138 056 e05b02d5732d420bb62c3175413b8f45
046 0825 094 ecf7f3478a26f387d045956adf3b048b
047 0482 028 1d706464afbf3138772167e9cd5ac648
048 0856 004 2dfb337ff8cde7515ea3d99d169b6ab3
049 0648 064 9c45c74b86973fb81748008496e643ea
050 0247 039 2e86861267dfd51df069325ef8586eb1
051 0683 096 814a5a817f7cecf59321d7b1b59512eb
052 0898 018 760d293372257cd0af2c83d33a69e992
053 0147 041 1ad2721523dcc547cbee3d4823c5f9cc
054 0184 027 55df2796fee19ddd3860b950350fad28
055 0773 022 cf855b8878ca23707b21abb06e6e9bfe
056 0637 003 0460cf935180a5fb1bee794d2166dcc8
057 0894 024 6ee6e1f98bb64faecf719fdec5935285
058 0791 067 711a31e3af8b42f1af1dc30b747a4043
059 0726 077 1de0c17431522b41496f4617b34ccbb6
060 0027 009 c6ccbdd6e0e99d15738141c0882fc703
061 0848 095 21542a4afaa446283d9dac62816b6f4f
062 0846 001 fe3d4de9a42fc0fbc0c7c7702149ddac
063 0157 015 f8c74793ea1534a510cd4c43c6724f98
064 0656 074 3911e13c8f3345418ec1e756e0cc2325
065 0875 038 170df1ce6c4cf82375cdf5751324666f
066 0688 052 06c47b7fcf6fac367bd36a833a9ac627
067 0318 006 eb42658c3b74e64470f1ce96dca09a97
068 0768 058 8ac8b25c4ffdd19f40be9e9f121a8400
069 0681 043 864287113da1db156d23553e91af2bca
070 0020 072 8a1e10f94d0478895afc263478f5367f
071 0555 099 8d361f8aa92bd601f06a0f050533edab
072 0679 060 f0ef3ea13c7f4d2a21a59d3daae7b73e
073 0721 025 2ead2c8aec52e72dc872df8a9989517c
074 0178 047 35b9853368c995b693cf0d0bafed0a03
075 0993 076 8b981b46577e36238d238c88fd5502af
076 0741 056 e5c6d48896c5b988be046f8a48951f83
077 0569 013 49868b6ce89f70b6b9b9e8c7cc1999c2
078 0609 046 a288f9ce0700f58d67f8ad727fd6d7e8
079 0085 026 5c3c31e58e5cbeabd7985226cf121152
080 0766 021 986c5cbeb003ffa0751fcaacf650794c
081 0897 024 766d04efe8bfbfbc59bd5dd3be786450
082 0983 037 8016329915a96453c55c92f7ee06498f
083 0469 066 ea3a2dd7805e8ba5b7a3935971d37b48
084 0790 018 5f6930065352317503ed73554b4270aa
085 0066 098 6c2a30349ab3254936aa5eb587706a7f
086 0962 026 a52703e5c0850231e1b3f357a3b2eb11
087 0837 015 380b6a7fc5116344ded301fe43add105
088 0367 079 74140677f7e93c0faf8a40c21ac21d77
089 0366 078 69a3a2c54b7c26c51b58983d092debf8
090 0690 080 189c892a88ad58ed15210ee2168a2d77
091 0791 044 690b0614d891d57c4300cba80e85a234
092 0455 081 00662a81551bacf3f8dd738e2f429eef
093 0699 081 9774c80bb94fa9dd404519895403e113
094 0868 088 e8294e389ce622c139aa4d7c498763de
095 0892 045 7a59c3ad66de26084c3085d98b8393f8
096 0497 051 cf0bfe66bc5e6fc77a9db06699a8d6c0
097 0358 060 6a2c733c6cc3fc8a548386d9daac24d2
098 0379 026 8e7f3ac790fbdc624e01d9ec50071752
099 0555 063 3b3542579462ba4654040def945b11ce
100 0821 065 0105db564c086d336422b4a033862018
